96
7
24
6
82
88
21
53
38
14
10
57
35
94
56
76
38
49
2
64
77
63
71
4
92
77
22
62
4
60
0
30
22
35
79
86
50
95
76
63
29
10
33
23
41
25
13
18
99
91
84
76
92
15
3
64
77
65
7
99
86
82
31
3
19
87
89
36
77
45
86
86
2
95
46
61
80
43
14
93
13
66
6
88
24
83
51
78
9
32
17
58
38
2
67
92
6
78
48
19
15
81
50
17
8
64
2
77
98
57
18
85
71
75
59
56
49
24
36
0
33
74
28
57
84
99
84
45
40
82
68
57
20
27
88
93
9
39
21
37
93
58
34
11
53
58
64
17
95
25
73
19
40
30
4
54
72
53
31
26
40
9
3
74
32
20
49
25
69
78
66
88
99
62
77
3
8
99
81
10
27
94
94
38
87
42
1
76
86
89
83
98
99
49
59
0
75
95
28
79
18
39
95
86
30
98
75
29
92
90
78
55
7
88
55
27
9
32
74
7
90
94
0
14
84
36
66
80
30
93
81
60
81
40
38
79
24
30
40
20
8
90
63
52
96
11
33
46
72
33
28
3
16
28
35
13
76
35
93
23
71
25
52
87
40
70
56
79
99
28
1
85
45
53
27
61
22
81
15
69
48
18
15
60
44
44
30
72
74
2
71
80
83
83
46
46
3
58
45
2
89
79
44
63
34
61
63
30
61
81
29
30
6
29
10
55
63
50
11
55
7
49
99
95
98
88
14
78
73
78
88
53
12
92
52
75
0
0
19
92
70
16
20
57
85
51
55
43
75
96
46
34
23
44
24
92
33
19
20
23
67
31
99
63
51
81
30
69
22
20
50
57
67
56
3
24
74
20
72
83
53
5
13
0
33
23
51
51
34
81
97
64
64
92
68
80
82
9
4
0
49
22
54
75
49
0
70
69
9
3
94
69
1
90
66
94
97
29
68
36
50
53
64
58
41
95
64
68
12
17
21
70
60
86
33
49
85
61
38
56
13
10
17
25
51
13
48
79
96
60
54
28
18
75
41
52
65
39
10
95
47
80
13
88
4
64
12
19
33
62
77
39
74
32
16
17
56
14
40
28
42
42
15
34
24
76
72
31
61
67
92
89
50
79
65
45
68
76
83
85
75
36
85
68
10
36
41
38
6
59
80
13
6
77
85
65
86
20
94
15
68
29
40
87
49
93
56
71
9
26
89
12
33
10
66
11
10
84
10
49
2
47
98
53
97
99
53
43
54
9
22
79
51
59
59
35
52
50
86
83
50
50
96
71
73
44
62
50
72
42
4
29
61
55
86
17
74
61
83
60
82
61
20
16
50
95
21
51
67
11
43
36
24
0
2
57
37
75
35
55
28
43
42
10
1
5
18
73
70
91
34
90
68
68
92
46
36
51
49
82
10
84
0
11
63
11
88
12
63
86
20
30
93
68
66
12
36
17
20
68
88
1
27
86
18
41
67
89
65
48
89
8
84
59
96
36
10
49
53
47
45
58
86
40
16
71
6
39
40
89
39
75
1
47
14
29
34
8
36
4
86
82
95
74
39
6
99
26
77
36
83
78
93
82
27
45
52
53
95
11
63
52
0
38
36
21
99
26
58
70
52
91
79
1
12
30
51
33
70
42
1
17
16
30
34
50
1
33
30
17
29
85
35
11
17
84
58
47
18
49
5
66
69
88
59
93
83
30
42
18
83
8
74
0
89
81
75
15
60
51
6
57
16
7
94
60
52
26
98
72
86
22
50
5
1
65
27
97
46
81
9
60
13
51
51
38
74
93
70
40
50
40
46
92
83
79
83
27
13
92
61
46
44
5
55
97
75
83
14
99
91
22
0
84
73
20
41
81
50
13
62
90
1
11
57
82
99
40
53
99
10
25
91
51
64
31
39
13
24
13
72
2
27
64
91
28
21
7
83
65
71
73
47
20
44
82
37
50
24
99
86
24
5
90
67
25
26
62
50
75
19
80
27
57
6
52
22
40
68
95
38
0
55
65
93
87
76
46
26
13
34
50
77
51
97
27
1
22
34
40
76
99
64
88
4
57
96
55
73
83
54
25
69
57
83
53
19
69
67
14
45
84
84
50
85
83
74
15
66
87
91
84
8
53
75
48
38
55
76
2
5
25
79
21
61
68
63
22
83
13
11
84
50
29
40
4
44
24
93
3
86
48
22
62
96
62
45
33
98
9
15
63
40
75
36
50
97
32
46
46
68
20
8
21
92
45
24
11
97
99
29
19
92
81
47
6
43
50
64
66
